4294967278,173
4294967278,172
4294967279,172
4294967278,171
4294967279,171
4294967278,170
4294967294,180
4294967294,189
4294967294,30
4294967294,388
4294967294,165
4294967294,113
4294967294,167
4294967294,183
4294967294,177
4294967279,170
4294967279,169
4294967278,168
4294967279,168
4294967278,167
4294967279,167
4294967278,166
4294967294,10
4294967294,967
4294967294,966
4294967294,962
4294967294,960
4294967294,917
4294967294,915
4294967294,912
4294967294,911
4294967294,910
4294967294,905
4294967294,902
4294967294,900
4294967294,898
4294967294,185
4294967294,173
4294967294,170
4294967294,163
4294967294,161
4294967294,11
4294967294,175
4294967294,176
4294967294,450
4294967294,444
4294967294,421
4294967294,18
4294967294,127
4294967294,14
4294967294,126
4294967294,20
4294967294,13
4294967294,166
4294967294,24
4294967294,12
4294967294,104
4294967294,106
4294967294,160
4294967294,119
4294967294,162
4294967294,68
4294967279,369
4294967278,255
4294967278,427
4294967278,363
4294967279,368
4294967279,148
4294967279,147
4294967279,367
4294967278,249
4294967279,145
4294967278,144
4294967279,143
4294967279,142
4294967279,141
4294967278,337
4294967279,138
4294967279,272
4294967278,426
4294967278,352
4294967278,350
4294967279,366
4294967278,425
4294967278,292
4294967279,118
4294967279,117
4294967279,116
4294967279,115
4294967279,114
4294967279,113
4294967279,112
4294967279,111
4294967279,110
4294967278,424
4294967278,10
4294967278,9
4294967278,8
4294967278,7
4294967278,6
4294967278,5
4294967278,4
4294967279,132
4294967279,131
4294967279,130
4294967279,129
4294967279,128
4294967279,127
4294967279,120
4294967279,119
4294967279,126
4294967279,527
4294967278,423
4294967279,125
4294967279,124
4294967279,123
4294967279,122
4294967279,121
4294967278,246
4294967279,245
4294967278,244
4294967279,243
4294967278,242
4294967279,241
4294967278,240
4294967279,239
4294967278,238
4294967279,237
4294967278,237
4294967279,236
4294967278,236
4294967279,235
4294967278,234
4294967278,398
4294967279,231
4294967279,229
4294967278,60
4294967278,58
4294967278,57
4294967278,56
4294967278,55
4294967278,54
4294967278,53
4294967278,52
4294967278,51
4294967278,49
4294967279,364
4294967279,339
4294967279,338
4294967278,47
4294967278,46
4294967278,45
4294967278,44
4294967278,43
4294967278,42
4294967278,41
4294967278,40
4294967278,39
4294967278,38
4294967278,37
4294967278,36
4294967278,35
4294967278,34
4294967278,33
4294967278,32
4294967278,31
4294967278,30
4294967278,29
4294967278,28
4294967278,27
4294967278,26
4294967278,25
4294967278,24
4294967278,23
4294967278,22
4294967278,21
4294967278,20
4294967278,19
4294967278,18
4294967278,17
4294967278,16
4294967278,15
4294967278,14
4294967278,13
4294967278,12
4294967278,11
4294967279,85
4294967279,84
4294967279,79
4294967279,78
4294967279,77
4294967279,76
4294967279,74
4294967279,71
4294967279,67
4294967279,65
4294967279,58
4294967279,56
4294967279,53
4294967279,50
4294967279,43
4294967279,41
4294967279,39
4294967279,38
4294967279,37
4294967279,36
4294967279,34
4294967279,33
4294967279,32
4294967279,31
4294967279,29
4294967278,208
4294967278,207
4294967279,205
4294967278,203
4294967278,202
4294967279,202
4294967278,201
4294967279,201
4294967278,422
4294967278,199
4294967279,313
4294967278,403
4294967279,555
4294967278,387
4294967279,83
4294967278,407
4294967279,336
4294967278,333
4294967279,274
4294967278,366
4294967279,333
4294967279,311
4294967278,406
4294967279,64
4294967279,190
4294967279,189
4294967278,188
4294967279,188
4294967278,187
4294967279,185
4294967278,184
4294967279,184
4294967278,183
4294967279,183
4294967278,182
4294967279,182
4294967278,181
4294967278,179
4294967279,72
4294967279,332
4294967278,375
4294967279,303
4294967278,405
4294967279,381
4294967278,368
4294967279,240
4294967278,401
4294967279,281
4294967279,363
4294967278,421
4294967279,521
4294967278,227
4294967279,554
4294967278,364
4294967279,163
4294967278,305
4294967279,238
4294967279,552
4294967278,62
4294967279,63
4294967279,344
4294967278,396
4294967279,568
4294967279,343
4294967279,234
4294967278,420
4294967279,329
4294967278,252
4294967279,308
4294967278,61
4294967279,61
4294967278,355
4294967278,354
4294967278,419
4294967278,394
4294967279,300
4294967278,353
4294967279,328
4294967278,59
4294967279,59
4294967279,232
4294967279,327
4294967279,278
4294967278,380
4294967279,342
4294967278,393
4294967279,298
4294967279,297
4294967279,362
4294967279,341
4294967278,225
4294967279,360
4294967278,50
4294967279,359
4294967278,351
4294967279,228
4294967279,326
4294967279,358
4294967279,226
4294967278,48
4294967279,48
4294967279,45
4294967279,40
4294967279,88
4294967279,2
4294967279,530
4294967278,308
4294967279,216
4294967278,300
4294967278,418
4294967279,284
4294967279,255
4294967278,390
4294967279,317
4294967278,347
4294967279,325
4294967279,370
4294967279,276
4294967278,389
4294967279,357
4294967279,538
4294967278,373
4294967278,221
4294967278,335
4294967279,356
4294967278,377
4294967279,321
4294967278,235
4294967279,537
4294967278,372
4294967279,324
4294967278,417
4294967279,227
4294967278,382
4294967278,334
4294967279,266
4294967279,221
4294967278,388
4294967279,259
4294967279,217
4294967278,321
4294967279,322
4294967278,317
4294967278,231
4294967279,320
4294967278,210
4294967278,320
4294967279,543
4294967279,30
4294967279,28
4294967279,27
4294967279,23
4294967279,22
4294967279,21
4294967279,20
4294967279,174
4294967279,539
4294967279,16
4294967279,14
4294967279,13
4294967279,12
4294967279,340
4294967279,209
4294967278,206
4294967279,307
4294967278,376
4294967278,296
496,6
4294967279,204
4294967278,205
4294967279,252
4294967278,204
496,5
4294967294,387
4294967278,437
4294967279,315
4294967279,199
